Iteration, Rt, delta p, delta n, nNT, nNe, nPT, nT, nI, nonmut, mut , GF , NF 
0,2.325140769936442,0.19305994851394429,0.73713798523506,0,0,25,25,91,5,20,1,0
1,2.53011232927542,0.2042455268045068,0.779846556889935,0,0,30,30,91,7,23,1,0
2,2.8466728311250593,0.22094510762520886,0.8436085927507974,0,0,38,38,91,11,27,1,0
3,3.317706256912448,0.24469098716349355,0.9342746782606117,0,0,49,49,91,17,32,1,0
4,3.682403775157662,0.2623092605931368,1.0015444495374317,0,0,59,59,91,23,36,1,0
5,4.081767095896106,0.2809472801813186,1.0727077970559438,0,0,71,71,91,30,41,1,0
6,4.524322428910678,0.3009042928118834,1.1489072998271914,0,0,86,86,91,40,46,1,0
7,4.997866498504006,0.32155044821737633,1.2277380750118003,0,0,106,106,91,54,52,1,0
8,5.7129251271331976,0.35153214163787044,1.3422136317082323,0,0,128,128,91,70,58,1,0
9,6.239802736414837,0.37282634387324115,1.4235187675160115,0,0,152,152,91,89,63,1,0
10,6.879111152575327,0.3978758410939791,1.5191623023588288,0,0,186,186,91,117,69,1,0
11,7.576760037414177,0.42434104394598404,1.6202112587028485,0,0,221,221,91,148,73,1,0
12,8.161111887686605,0.4458877830061056,1.7024806260233118,0,0,260,260,91,181,79,1,0
13,8.926531541795972,0.47334869169138716,1.8073313682762053,0,0,304,304,91,219,85,1,0
14,9.703449242611352,0.5004301233596065,1.9107331982821343,0,0,355,355,91,266,89,1,0
15,10.34422391506286,0.5222253629580954,1.9939513858399995,0,0,406,406,91,314,92,1,0
16,10.993166841050307,0.5438442794121444,2.0764963395736427,15,0,453,468,91,370,83,0.967948717948718,0
17,11.627667106464843,0.5645742656033502,2.1556471959400647,2,15,515,532,91,432,83,0.9680451127819549,0.02819548872180451
18,12.279959193124375,0.5854960474238321,2.2355303628909957,7,17,573,597,91,492,81,0.9597989949748744,0.02847571189279732
19,12.994038535256209,0.6079792893647631,2.321375468483641,7,24,635,666,91,554,81,0.9534534534534534,0.036036036036036036
20,13.6540860096127,0.6283974894704653,2.39933586888723,7,31,699,737,91,618,81,0.9484396200814111,0.04206241519674356
21,14.273256082878254,0.6472539711055973,2.4713333442213714,9,38,764,811,91,684,80,0.9420468557336621,0.0468557336621455
22,14.849441716340086,0.6645578145205685,2.537402564533079,9,47,834,890,91,753,81,0.9370786516853933,0.052808988764044947
23,15.523889538284328,0.6845308851234356,2.613663379562209,22,56,888,966,91,815,73,0.9192546583850931,0.057971014492753624
24,16.22351839240953,0.7049463217232421,2.691613228397834,22,78,956,1056,91,890,66,0.9053030303030303,0.07386363636363637
25,16.943514812906137,0.7256519326599062,2.7706710156105494,14,100,1043,1157,91,978,65,0.9014693171996543,0.08643042350907519
26,17.753738036922293,0.7486047126326232,2.858308902779107,30,114,1121,1265,91,1060,61,0.8861660079051383,0.09011857707509881
27,18.341314003374055,0.7650320842977458,2.921031594591393,32,144,1197,1373,91,1137,60,0.8718135469774217,0.10487982520029134
28,18.994582533811545,0.7830915189492503,2.9899857996244092,35,176,1273,1484,93,1220,53,0.8578167115902965,0.11859838274932614
29,19.733264518179368,0.8032646287380052,3.06701040063602,39,211,1345,1595,94,1297,48,0.8432601880877743,0.1322884012539185
30,20.377498889891076,0.8206537101292822,3.1334050750390774,45,250,1399,1694,93,1357,42,0.8258559622195986,0.14757969303423848
31,21.246549732606976,0.8438235231185798,3.2218716337254856,42,295,1449,1786,100,1409,40,0.8113101903695409,0.16517357222844345
32,22.00491928537002,0.8637854250193299,3.298089804619261,58,337,1488,1883,106,1451,37,0.7902283590015932,0.17896972915560277
33,22.92550706900538,0.8877117846386752,3.3894449958931228,62,395,1524,1981,120,1487,37,0.7693084300858153,0.1993942453306411
34,23.934911989408324,0.9135813847412279,3.488219832648323,64,457,1554,2075,127,1521,33,0.7489156626506024,0.2202409638554217
35,24.91938197900604,0.9384638109240238,3.5832254598917284,68,521,1604,2193,136,1576,28,0.7314181486548108,0.23757409940720475
36,25.595336174616943,0.9553589514612425,3.64773417830656,67,589,1662,2318,144,1635,27,0.7169974115616912,0.2540983606557377
37,26.390351873681915,0.9750408378965073,3.722883199241209,67,656,1719,2442,173,1697,22,0.7039312039312039,0.26863226863226863
38,27.473384840033535,1.0015380764582054,3.8240544737495092,72,723,1777,2572,202,1759,18,0.6909020217729394,0.281104199066874
39,28.178685502036988,1.018606645306868,3.889225372989858,57,795,1845,2697,224,1829,16,0.6840934371523916,0.29477196885428253
40,28.83998511434773,1.034481447568041,3.9498382543507025,78,852,1915,2845,250,1900,15,0.6731107205623902,0.2994727592267135
41,29.500036657267117,1.0502057431024638,4.009876473663953,79,930,1989,2998,258,1978,11,0.6634422948632421,0.31020680453635757
42,30.086619382014934,1.0640816317578128,4.062857139438921,79,1009,2066,3154,273,2060,6,0.6550412175015853,0.3199112238427394
43,30.744194473103402,1.079530120313765,4.1218422775616474,68,1088,2136,3292,289,2132,4,0.6488456865127582,0.330498177399757
44,31.54543508545094,1.0982057155470193,4.19314909572498,77,1156,2206,3439,295,2202,4,0.6414655423088107,0.33614422797324806
45,32.126850030117964,1.1116586435820635,4.244514820949696,82,1233,2261,3576,300,2261,0,0.6322706935123042,0.3447986577181208
46,32.470894542944414,1.1195810026322608,4.274763828232268,70,1315,2306,3691,326,2306,0,0.6247629368734761,0.3562720130046058
47,32.88485049890288,1.1290762349328813,4.311018351561908,68,1385,2316,3769,360,2316,0,0.6144866012204829,0.3674714778455824
48,32.69557806296634,1.124739718657478,4.294460743964915,68,1452,2323,3843,369,2323,0,0.6044756700494406,0.37782982045277125
